deadzones:
  accel: 0.1
  gyro: 0.005
gyro_offsets:
  x: -0.002574360646691636
  y: -0.0016144295580947548
  z: -0.0008399397025222711
mag_offsets:
  x: 42.96875
  y: 30.78125
  z: 3.78125
